tensor([[1., 1., 1., 1., 0., 1., 0., 1., 1., 1., 0., 1., 1., 1., 1., 1., 1., 1.,
         1., 1.],
        [0., 0., 0., 0., 0., 0., 0., 0., 0., 0., 0., 1., 0., 1., 0., 1., 0., 1.,
         0., 1.],
        [1., 1., 0., 1., 0., 1., 1., 1., 0., 1., 1., 1., 1., 1., 0., 1., 1., 1.,
         1., 1.],
        [0., 1., 0., 0., 0., 0., 0., 1., 0., 0., 0., 1., 1., 0., 0., 0., 0., 0.,
         0., 0.],
        [1., 1., 0., 1., 1., 1., 0., 1., 0., 1., 0., 1., 0., 1., 1., 1., 1., 1.,
         0., 1.],
        [0., 0., 0., 0., 0., 0., 0., 1., 0., 0., 0., 0., 0., 1., 1., 0., 0., 0.,
         0., 1.],
        [1., 1., 0., 1., 0., 1., 0., 1., 0., 1., 0., 1., 0., 1., 0., 1., 0., 1.,
         1., 1.],
        [0., 0., 0., 0., 0., 0., 0., 0., 0., 0., 0., 0., 0., 0., 1., 1., 0., 0.,
         0., 1.],
        [0., 1., 0., 1., 1., 1., 0., 1., 0., 1., 1., 1., 1., 1., 0., 1., 1., 1.,
         0., 1.],
        [0., 0., 0., 0., 0., 0., 0., 1., 0., 0., 0., 0., 0., 0., 0., 0., 0., 0.,
         0., 0.],
        [1., 1., 0., 1., 0., 1., 0., 1., 0., 1., 0., 1., 1., 1., 1., 1., 1., 1.,
         0., 1.],
        [1., 1., 0., 0., 1., 0., 0., 0., 1., 0., 1., 0., 0., 1., 1., 1., 0., 1.,
         0., 0.],
        [0., 1., 0., 1., 0., 1., 1., 1., 0., 1., 0., 1., 1., 1., 0., 1., 0., 1.,
         1., 1.],
        [1., 1., 0., 1., 0., 1., 0., 0., 0., 0., 0., 1., 0., 1., 0., 1., 0., 0.,
         0., 1.],
        [1., 1., 0., 1., 0., 1., 0., 1., 0., 1., 1., 1., 0., 1., 1., 1., 0., 1.,
         0., 1.],
        [0., 0., 0., 0., 0., 0., 0., 1., 1., 1., 0., 0., 0., 0., 0., 0., 1., 1.,
         0., 1.],
        [1., 1., 1., 1., 1., 1., 1., 1., 0., 1., 0., 1., 1., 1., 0., 1., 0., 1.,
         0., 1.],
        [0., 0., 1., 1., 0., 0., 0., 1., 0., 0., 0., 0., 0., 1., 1., 1., 0., 1.,
         0., 0.],
        [1., 1., 0., 1., 0., 1., 1., 1., 0., 1., 1., 1., 0., 1., 0., 1., 0., 1.,
         0., 1.],
        [1., 1., 1., 0., 1., 0., 1., 1., 1., 1., 1., 1., 1., 1., 1., 1., 1., 1.,
         1., 1.]], device='cuda:0', grad_fn=<SelectBackward0>)